WORTMANN FX 63-137
0.18 max tickness
0 Is supercritical
alpha    CL        CD       CDp       CM     Top_Xtr  Bot_Xtr
-7.7500	-0.3477	0.1275	0.1220	-0.0156	1.0000	0.2328
-7.5000	-0.3328	0.1233	0.1178	-0.0134	1.0000	0.2432
-7.2500	-0.3597	0.1243	0.1189	-0.0119	1.0000	0.2491
-7.0000	-0.3453	0.1201	0.1147	-0.0099	1.0000	0.2577
-6.7500	-0.3691	0.1206	0.1153	-0.0081	1.0000	0.2652
-6.5000	-0.3579	0.1171	0.1118	-0.0062	1.0000	0.2763
-6.2500	-0.3889	0.1181	0.1130	-0.0040	1.0000	0.2821
-6.0000	-0.3728	0.1142	0.1091	-0.0022	1.0000	0.2943
-5.7500	-0.4141	0.1159	0.1110	0.0009	1.0000	0.2991
-5.5000	-0.3892	0.1112	0.1063	0.0021	1.0000	0.3116
-5.2500	-0.4380	0.1134	0.1086	0.0049	1.0000	0.3164
-5.0000	-0.4086	0.1084	0.1035	0.0069	1.0000	0.3289
-4.7500	-0.4265	0.1072	0.1025	0.0091	1.0000	0.3362
-4.5000	-0.4370	0.1063	0.1017	0.0107	1.0000	0.3489
-4.2500	-0.4267	0.1031	0.0984	0.0131	1.0000	0.3584
-4.0000	-0.4391	0.1017	0.0971	0.0142	1.0000	0.3704
-3.7500	-0.4490	0.1006	0.0960	0.0145	1.0000	0.3857
-3.5000	-0.2915	0.0594	0.0532	-0.0796	1.0000	0.1715
-3.2500	-0.2159	0.0520	0.0447	-0.0961	1.0000	0.1549
-3.0000	-0.1749	0.0492	0.0416	-0.1016	1.0000	0.1521
-2.7500	-0.1323	0.0472	0.0390	-0.1070	1.0000	0.1509
-2.5000	-0.0934	0.0459	0.0373	-0.1111	1.0000	0.1533
-2.2500	0.0083	0.0454	0.0362	-0.1245	0.9743	0.1643
-2.0000	0.0538	0.0450	0.0356	-0.1282	0.9640	0.1745
-1.7500	0.0976	0.0449	0.0355	-0.1316	0.9550	0.1982
-1.5000	0.1472	0.0448	0.0357	-0.1365	0.9460	0.2532
-1.2500	0.1837	0.0450	0.0376	-0.1372	0.9370	0.4902
-1.0000	0.1919	0.0470	0.0397	-0.1310	0.9295	0.5822
-0.7500	0.1931	0.0481	0.0408	-0.1256	0.9211	0.6229
-0.5000	0.2062	0.0493	0.0420	-0.1209	0.9123	0.6712
-0.2500	0.2061	0.0499	0.0426	-0.1156	0.9031	0.7050
0.0000	0.2162	0.0505	0.0432	-0.1111	0.8933	0.7480
0.2500	0.2209	0.0509	0.0435	-0.1068	0.8851	0.7835
0.5000	0.2296	0.0512	0.0437	-0.1029	0.8770	0.8193
0.7500	0.2359	0.0514	0.0439	-0.1000	0.8696	0.8488
1.0000	0.2579	0.0518	0.0441	-0.0994	0.8614	0.8768
1.2500	0.2665	0.0523	0.0446	-0.0983	0.8559	0.8986
1.5000	0.2916	0.0527	0.0450	-0.0989	0.8479	0.9305
1.7500	0.3024	0.0533	0.0455	-0.0989	0.8405	0.9756
2.0000	0.2301	0.0563	0.0489	-0.0926	0.9437	1.0000
2.2500	0.2766	0.0584	0.0508	-0.0996	0.9266	1.0000
2.5000	0.4657	0.0580	0.0496	-0.1195	0.7969	1.0000
2.7500	0.4892	0.0598	0.0513	-0.1223	0.7858	1.0000
3.0000	0.5314	0.0616	0.0530	-0.1271	0.7743	1.0000
3.2500	0.5921	0.0632	0.0544	-0.1335	0.7624	1.0000
3.5000	0.5980	0.0655	0.0567	-0.1343	0.7533	1.0000
3.7500	0.6409	0.0674	0.0585	-0.1386	0.7436	1.0000
4.0000	0.6638	0.0695	0.0606	-0.1407	0.7333	1.0000
4.2500	0.6908	0.0713	0.0624	-0.1427	0.7200	1.0000
4.5000	0.7241	0.0728	0.0639	-0.1449	0.7057	1.0000
4.7500	0.7631	0.0742	0.0652	-0.1474	0.6934	1.0000
5.0000	0.7796	0.0766	0.0675	-0.1483	0.6835	1.0000
5.2500	0.7957	0.0790	0.0699	-0.1491	0.6732	1.0000
5.5000	0.8414	0.0800	0.0709	-0.1514	0.6620	1.0000
5.7500	0.8382	0.0832	0.0741	-0.1509	0.6514	1.0000
6.0000	0.8572	0.0854	0.0764	-0.1515	0.6399	1.0000
6.2500	0.8885	0.0866	0.0776	-0.1523	0.6263	1.0000
6.5000	0.9292	0.0870	0.0780	-0.1531	0.6123	1.0000
6.7500	0.9388	0.0894	0.0805	-0.1528	0.5986	1.0000
7.0000	0.9390	0.0928	0.0840	-0.1525	0.5870	1.0000
7.2500	0.9682	0.0944	0.0856	-0.1531	0.5767	1.0000
7.5000	0.9802	0.0971	0.0883	-0.1532	0.5656	1.0000
7.7500	0.9813	0.1006	0.0919	-0.1531	0.5535	1.0000
8.0000	0.9999	0.1025	0.0939	-0.1529	0.5397	1.0000
8.2500	1.0284	0.1034	0.0949	-0.1527	0.5258	1.0000
8.5000	1.0682	0.1032	0.0948	-0.1524	0.5133	1.0000
8.7500	1.0506	0.1088	0.1004	-0.1525	0.5008	1.0000
9.0000	1.0542	0.1126	0.1043	-0.1527	0.4899	1.0000
9.2500	1.0894	0.1129	0.1047	-0.1522	0.4781	1.0000
9.5000	1.0970	0.1158	0.1078	-0.1521	0.4651	1.0000
9.7500	1.0880	0.1208	0.1129	-0.1526	0.4525	1.0000
10.0000	1.1002	0.1233	0.1154	-0.1523	0.4389	1.0000
10.2500	1.1190	0.1245	0.1167	-0.1515	0.4228	1.0000
10.5000	1.1404	0.1250	0.1173	-0.1502	0.4057	1.0000
11.0000	1.6008	0.0597	0.0526	-0.1333	0.3637	1.0000
11.2500	1.1995	0.1269	0.1196	-0.1467	0.3600	1.0000
11.5000	1.2252	0.1261	0.1190	-0.1447	0.3447	1.0000
11.7500	1.2495	0.1248	0.1178	-0.1425	0.3277	1.0000
12.0000	1.3390	0.1097	0.1030	-0.1341	0.3125	1.0000
12.2500	1.6469	0.0657	0.0581	-0.1218	0.2524	1.0000
12.5000	1.6534	0.0682	0.0606	-0.1202	0.2368	1.0000
12.7500	1.6741	0.0703	0.0626	-0.1193	0.2223	1.0000
13.0000	1.6510	0.0758	0.0685	-0.1174	0.2166	1.0000
13.2500	1.6757	0.0779	0.0706	-0.1169	0.2071	1.0000
13.5000	1.6421	0.0846	0.0777	-0.1156	0.2045	1.0000
13.7500	1.6031	0.0926	0.0861	-0.1155	0.2028	1.0000
14.0000	1.5217	0.1072	0.1011	-0.1189	0.2045	1.0000
14.2500	1.2220	0.1785	0.1721	-0.1600	0.2184	1.0000
