Begin of Aerodynamic analysis 102 report file
Incidence	Lift	Drag	Efficiency
-1.7453292519943295E-01	-1.0822610600167584E+00	+2.0343637386639041E-01	-5.3198994823194594E+00
-1.7278759594743862E-01	-1.0698679497817287E+00	+1.9900861441003817E-01	-5.3759881347516361E+00
-1.7104226669544428E-01	-1.0574748395466973E+00	+1.9463130237952939E-01	-5.4332207955153606E+00
-1.6929693744344995E-01	-1.0450817293116665E+00	+1.9030440123183207E-01	-5.4916319462235146E+00
-1.6755160819145562E-01	-1.0326886190766364E+00	+1.8602787502516915E-01	-5.5512574066489551E+00
-1.6580627893946129E-01	-1.0202955088416061E+00	+1.8180168841724731E-01	-5.6121343961336496E+00
-1.6406094968746698E-01	-1.0079023986065754E+00	+1.7762580666350303E-01	-5.6743015980552913E+00
-1.6231562043547265E-01	-9.9550928837154573E-01	+1.7350019561537336E-01	-5.7377992274916867E+00
-1.6057029118347832E-01	-9.8311617813651508E-01	+1.6942482171858900E-01	-5.8026691022254697E+00
-1.5882496193148399E-01	-9.7072306790148410E-01	+1.6539965201149417E-01	-5.8689547172325689E+00
-1.5707963267948966E-01	-9.5832995766645424E-01	+1.6142465412338727E-01	-5.9367013227975747E+00
-1.5533430342749532E-01	-9.4593684743142337E-01	+1.5749979627288624E-01	-6.0059560063968629E+00
-1.5358897417550099E-01	-9.3354373719639228E-01	+1.5362504726631940E-01	-6.0767677784862206E+00
-1.5184364492350666E-01	-9.2115062696136241E-01	+1.4980037649613667E-01	-6.1491876623228556E+00
-1.5009831567151233E-01	-9.0875751672633098E-01	+1.4602575393934725E-01	-6.2232687879412660E+00
-1.4835298641951800E-01	-8.9636440649130111E-01	+1.4230115015597775E-01	-6.2990664903887765E+00
-1.4660765716752366E-01	-8.8397129625627002E-01	+1.3862653628755628E-01	-6.3766384123067716E+00
-1.4486232791552933E-01	-8.7157818602123960E-01	+1.3500188405561736E-01	-6.4560446109194407E+00
-1.4311699866353500E-01	-8.5918507578620928E-01	+1.3142716576023089E-01	-6.5373476694587129E+00
-1.4137166941154070E-01	-8.4679196555117875E-01	+1.2790235427855395E-01	-6.6206128130134401E+00
-1.3962634015954636E-01	-8.3439885531614910E-01	+1.2442742306340766E-01	-6.7059080287385129E+00
-1.3788101090755203E-01	-8.2200574508111768E-01	+1.2100234614188708E-01	-6.7933041902942568E+00
-1.3613568165555770E-01	-8.0961263484608770E-01	+1.1762709811398754E-01	-6.8828751863072029E+00
-1.3439035240356337E-01	-7.9721952461105705E-01	+1.1430165415124680E-01	-6.9746980525422346E+00
-1.3264502315156904E-01	-7.8482641437602596E-01	+1.1102598999540944E-01	-7.0688531073532950E+00
-1.3089969389957470E-01	-7.7243330414099565E-01	+1.0780008195711353E-01	-7.1654240898285710E+00
-1.2915436464758037E-01	-7.6004019390596544E-01	+1.0462390691459997E-01	-7.2644982998613665E+00
-1.2740903539558604E-01	-7.4764708367093491E-01	+1.0149744231244212E-01	-7.3661667391522458E+00
-1.2566370614359174E-01	-7.3525397343590471E-01	+9.8420666160300610E-02	-7.4705242518718080E+00
-1.2391837689159739E-01	-7.2286086320087373E-01	+9.5393557031695789E-02	-7.5776696633787699E+00
-1.2217304763960306E-01	-7.1046775296584330E-01	+9.2416094062806931E-02	-7.6877059149784239E+00
-1.2042771838760874E-01	-6.9807464273081232E-01	+8.9488256951306452E-02	-7.8007401922093322E+00
-1.1868238913561441E-01	-6.8568153249578234E-01	+8.6610025955226558E-02	-7.9168840435430479E+00
-1.1693705988362008E-01	-6.7328842226075181E-01	+8.3781381891826781E-02	-8.0362534856498229E+00
-1.1519173063162574E-01	-6.6089531202572105E-01	+8.1002306136476507E-02	-8.1589690904875418E+00
-1.1344640137963141E-01	-6.4850220179069074E-01	+7.8272780621559401E-02	-8.2851560483858382E+00
-1.1170107212763708E-01	-6.3610909155566042E-01	+7.5592787835399133E-02	-8.4149441999780130E+00
-1.0995574287564275E-01	-6.2371598132062989E-01	+7.2962310821206688E-02	-8.5484680282267771E+00
-1.0821041362364843E-01	-6.1132287108559924E-01	+7.0381333176062183E-02	-8.6858665998318987E+00
-1.0646508437165410E-01	-5.9892976085056915E-01	+6.7849839049960087E-02	-8.8272834429210256E+00
-1.0471975511965977E-01	-5.8653665061553806E-01	+6.5367813144843384E-02	-8.9728663450294377E+00
-1.0297442586766543E-01	-5.7414354038050719E-01	+6.2935240713635390E-02	-9.1227670518167212E+00
-1.0122909661567110E-01	-5.6175043014547754E-01	+6.0552107559291884E-02	-9.2771408426274569E+00
-9.9483767363676770E-02	-5.4935731991044678E-01	+5.8218400033880326E-02	-9.4361459536975794E+00
-9.7738438111682452E-02	-5.3696420967541614E-01	+5.5934105037745284E-02	-9.5999428132990356E+00
-9.5993108859688120E-02	-5.2457109944038582E-01	+5.3699210018698935E-02	-9.7686930451625216E+00
-9.4247779607693788E-02	-5.1217798920535507E-01	+5.1513702971163068E-02	-9.9425581867424278E+00
-9.2502450355699456E-02	-4.9978487897032453E-01	+4.9377572435331453E-02	-1.0121698056843115E+01
-9.0757121103705124E-02	-4.8739176873529405E-01	+4.7290807496444397E-02	-1.0306268692323323E+01
-8.9011791851710792E-02	-4.7499865850026379E-01	+4.5253397784117244E-02	-1.0496419755401789E+01
-8.7266462599716474E-02	-4.6260554826523337E-01	+4.3265333471577239E-02	-1.0692291290650466E+01
-8.5521133347722142E-02	-4.5021243803020261E-01	+4.1326605275007075E-02	-1.0894009682969914E+01
-8.3775804095727810E-02	-4.3781932779517235E-01	+3.9437204453019542E-02	-1.1101682633634299E+01
-8.2030474843733478E-02	-4.2542621756014193E-01	+3.7597122806018200E-02	-1.1315392929270738E+01
-8.0285145591739146E-02	-4.1303310732511106E-01	+3.5806352675766269E-02	-1.1535190726215792E+01
-7.8539816339744814E-02	-4.0063999709008058E-01	+3.4064886944947623E-02	-1.1761084008221022E+01
-7.6794487087750496E-02	-3.8824688685505043E-01	+3.2372719036864533E-02	-1.1993026795584674E+01
-7.5049157835756164E-02	-3.7585377662001945E-01	+3.0729842915967979E-02	-1.2230904585090366E+01
-7.3303828583761832E-02	-3.6346066638498892E-01	+2.9136253114901024E-02	-1.2474516368033125E+01
-7.1558499331767500E-02	-3.5106755614995855E-01	+2.7591944833516163E-02	-1.2723552408799900E+01
-6.9813170079773168E-02	-3.3867444591492779E-01	+2.6096914058353866E-02	-1.2977566817196724E+01
-6.8067840827778836E-02	-3.2628133567989737E-01	+2.4651157677406148E-02	-1.3235943721172506E+01
-6.6322511575784518E-02	-3.1388822544486705E-01	+2.3254673594134009E-02	-1.3497855567581277E+01
-6.4577182323790186E-02	-3.0149511520983652E-01	+2.1907460842895916E-02	-1.3762211758447780E+01
-6.2831853071795854E-02	-2.8910200497480587E-01	+2.0609519708385513E-02	-1.4027595454210285E+01
-6.1086523819801522E-02	-2.7670889473977517E-01	+1.9360851856093219E-02	-1.4292185942876774E+01
-5.9341194567807190E-02	-2.6431578450474469E-01	+1.8161460496318865E-02	-1.4553663487488723E+01
-5.7595865315812872E-02	-2.5192267426971438E-01	+1.7011350517518679E-02	-1.4809093141092982E+01
-5.5850536063818540E-02	-2.3952956403468395E-01	+1.5910528509404033E-02	-1.5054783622876403E+01
-5.4105206811824208E-02	-2.2713645379965319E-01	+1.4859002762686417E-02	-1.5286116937136118E+01
-5.2359877559829876E-02	-2.1474334356462269E-01	+1.3856783268692907E-02	-1.5497344470256634E+01
-5.0614548307835544E-02	-2.0235023332959221E-01	+1.2903881719001276E-02	-1.5681345949694085E+01
-4.8869219055841212E-02	-1.8995712309456159E-01	+1.2000311505094580E-02	-1.5829349347632991E+01
-4.7123889803846880E-02	-1.7756401285953119E-01	+1.1146087718035321E-02	-1.5930613265515348E+01
-4.5378560551852548E-02	-1.6517090262450060E-01	+1.0341227148159007E-02	-1.5972079547049217E+01
-4.3633231299858216E-02	-1.5277779238947009E-01	+9.5857482847872075E-03	-1.5938014211361233E+01
-4.1887902047863912E-02	-1.4038468215443972E-01	+8.8796713159600658E-03	-1.5809671006866701E+01
-4.0142572795869580E-02	-1.2799157191940932E-01	+8.2230181281881844E-03	-1.5565035845009174E+01
-3.8397243543875248E-02	-1.1559846168437868E-01	+7.6158123062240171E-03	-1.5178743518916024E+01
-3.6651914291880916E-02	-1.0320535144934817E-01	+7.0580791328525086E-03	-1.4622300133894637E+01
-3.4906585039886584E-02	-9.0812241214317704E-02	+6.5498455887012079E-03	-1.3864791159500477E+01
-3.3161255787892252E-02	-7.8419130979287155E-02	+6.0911403520697415E-03	-1.2874293883679874E+01
-3.1415926535897920E-02	-6.6026020744256661E-02	+5.6819937987785517E-03	-1.1620220486416258E+01
-2.9670597283903588E-02	-5.3632910509226028E-02	+5.3224380020370802E-03	-1.0076756270096309E+01
-2.7925268031909256E-02	-4.1239800274195541E-02	+5.0125067323312225E-03	-8.2273805256348620E+00
-2.6179938779914924E-02	-2.8846690039165002E-02	+4.7522354573301022E-03	-6.0701306360294751E+00
-2.4434609527920592E-02	-1.6453579804134467E-02	+4.5416613418121756E-03	-3.6228108099247440E+00
-2.2689280275926260E-02	-4.0604695691039468E-03	+4.3808232476106497E-03	-9.2687363529641886E-01
-2.0943951023931956E-02	+8.3326406659263962E-03	+4.2697617335782125E-03	+1.9515469915796324E+00
-1.9198621771937624E-02	+2.0725750900956897E-02	+4.2085190555710278E-03	+4.9247135696157018E+00
-1.7453292519943292E-02	+3.3118861135987471E-02	+4.1971391664520968E-03	+7.8908179649385630E+00
-1.5707963267948960E-02	+4.5511971371017972E-02	+4.2356677161138603E-03	+1.0744934310563503E+01
-1.3962634015954628E-02	+5.7905081606048500E-02	+4.3241520515201427E-03	+1.3391083596538225E+01
-1.2217304763960296E-02	+7.0298191841079063E-02	+4.4626412167674103E-03	+1.5752597716560498E+01
-1.0471975511965964E-02	+8.2691302076109557E-02	+4.6511859531652919E-03	+1.7778541410462267E+01
-8.7266462599716321E-03	+9.5084412311139996E-02	+4.8898386993364955E-03	+1.9445306513697897E+01
-6.9813170079773001E-03	+1.0747752254617066E-01	+5.1786535913359664E-03	+2.0753950935429160E+01
-5.2359877559829682E-03	+1.1987063278120123E-01	+5.5176864627894343E-03	+2.1724799622014281E+01
-3.4906585039886362E-03	+1.3226374301623170E-01	+5.9069948450512846E-03	+2.2391037487875678E+01
-1.7453292519943320E-03	+1.4465685325126204E-01	+6.3466379673818001E-03	+2.2792674482886536E+01
+0.0000000000000000E+00	+1.5704996348629249E-01	+6.8366767571437009E-03	+2.2971681866074725E+01
+1.7453292519943320E-03	+1.6944307372132295E-01	+7.3771738400181955E-03	+2.2968561863374095E+01
+3.4906585039886640E-03	+1.8183618395635387E-01	+7.9681935402402485E-03	+2.2820251922604697E+01
+5.2359877559829959E-03	+1.9422929419138418E-01	+8.6098018808534547E-03	+2.2559089846575077E+01
+6.9813170079773279E-03	+2.0662240442641477E-01	+9.3020665839841261E-03	+2.2212526921938810E+01
+8.7266462599716599E-03	+2.1901551466144525E-01	+1.0045057071135073E-02	+2.1803312127593209E+01
+1.0471975511965992E-02	+2.3140862489647571E-01	+1.0838844463498616E-02	+2.1349935011594443E+01
+1.2217304763960324E-02	+2.4380173513150644E-01	+1.1683501582289252E-02	+2.0867180392313191E+01
+1.3962634015954656E-02	+2.5619484536653692E-01	+1.2579102949095681E-02	+2.0366702331898392E+01
+1.5707963267948988E-02	+2.6858795560156723E-01	+1.3525724786252646E-02	+1.9857564740231606E+01
+1.7453292519943320E-02	+2.8098106583659821E-01	+1.4523445017231911E-02	+1.9346722867970868E+01
+1.9198621771937624E-02	+2.9337417607162808E-01	+1.5572343267053222E-02	+1.8839436752741435E+01
+2.0943951023931956E-02	+3.0576728630665878E-01	+1.6672500862714733E-02	+1.8339617363010987E+01
+2.2689280275926288E-02	+3.1816039654168932E-01	+1.7824000833642956E-02	+1.7850111179368820E+01
+2.4434609527920620E-02	+3.3055350677671991E-01	+1.9026927912162650E-02	+1.7372931053437117E+01
+2.6179938779914952E-02	+3.4294661701175011E-01	+2.0281368533986138E-02	+1.6909441610760314E+01
+2.7925268031909284E-02	+3.5533972724678103E-01	+2.1587410838722672E-02	+1.6460507001116884E+01
+2.9670597283903616E-02	+3.6773283748181179E-01	+2.2945144670407244E-02	+1.6026607927910923E+01
+3.1415926535897948E-02	+3.8012594771684172E-01	+2.4354661578049535E-02	+1.5607933885619790E+01
+3.3161255787892280E-02	+3.9251905795187236E-01	+2.5816054816202479E-02	+1.5204455550873812E+01
+3.4906585039886612E-02	+4.0491216818690284E-01	+2.7329419345550842E-02	+1.4815981381354209E+01
+3.6651914291880944E-02	+4.1730527842193349E-01	+2.8894851833519787E-02	+1.4442201705212897E+01
+3.8397243543875276E-02	+4.2969838865696408E-01	+3.0512450654903125E-02	+1.4082722935527787E+01
+4.0142572795869580E-02	+4.4209149889199451E-01	+3.2182315892512040E-02	+1.3737094010529468E+01
+4.1887902047863912E-02	+4.5448460912702465E-01	+3.3904549337843544E-02	+1.3404826726888198E+01
+4.3633231299858244E-02	+4.6687771936205541E-01	+3.5679254491769147E-02	+1.3085411284861893E+01
+4.5378560551852576E-02	+4.7927082959708611E-01	+3.7506536565243553E-02	+1.2778328085915975E+01
+4.7123889803846908E-02	+4.9166393983211654E-01	+3.9386502480034086E-02	+1.2483056602483355E+01
+4.8869219055841240E-02	+5.0405705006714718E-01	+4.1319260869469410E-02	+1.2199081964691977E+01
+5.0614548307835572E-02	+5.1645016030217761E-01	+4.3304922079209718E-02	+1.1925899770874322E+01
+5.2359877559829904E-02	+5.2884327053720825E-01	+4.5343598168036368E-02	+1.1663019519919809E+01
+5.4105206811824236E-02	+5.4123638077223857E-01	+4.7435402908662397E-02	+1.1409966977921483E+01
+5.5850536063818568E-02	+5.5362949100726933E-01	+4.9580451788563358E-02	+1.1166285724225171E+01
+5.7595865315812900E-02	+5.6602260124229953E-01	+5.1778862010828784E-02	+1.0931538069027555E+01
+5.9341194567807204E-02	+5.7841571147733017E-01	+5.4030752495034313E-02	+1.0705305493024353E+01
+6.1086523819801536E-02	+5.9080882171236060E-01	+5.6336243878134080E-02	+1.0487188726859241E+01
+6.2831853071795868E-02	+6.0320193194739069E-01	+5.8695458515374353E-02	+1.0276807562366880E+01
+6.4577182323790200E-02	+6.1559504218242145E-01	+6.1108520481227613E-02	+1.0073800467342858E+01
+6.6322511575784532E-02	+6.2798815241745232E-01	+6.3575555570347816E-02	+9.8778240596351363E+00
+6.8067840827778864E-02	+6.4038126265248252E-01	+6.6096691298545798E-02	+9.6885524838150499E+00
+6.9813170079773196E-02	+6.5277437288751294E-01	+6.8672056903786777E-02	+9.5056767238250153E+00
+7.1558499331767528E-02	+6.6516748312254381E-01	+7.1301783347208311E-02	+9.3289038772490560E+00
+7.3303828583761860E-02	+6.7756059335757457E-01	+7.3986003314158749E-02	+9.1579564107622140E+00
+7.5049157835756192E-02	+6.8995370359260566E-01	+7.6724851215258613E-02	+8.9925714115349304E+00
+7.6794487087750524E-02	+7.0234681382763464E-01	+7.9518463187481112E-02	+8.8324998456233690E+00
+7.8539816339744856E-02	+7.1473992406266584E-01	+8.2366977095255894E-02	+8.6775058314460445E+00
+8.0285145591739188E-02	+7.2713303429769571E-01	+8.5270532531593057E-02	+8.5273659341612547E+00
+8.2030474843733520E-02	+7.3952614453272747E-01	+8.8229270819229016E-02	+8.3818684849830181E+00
+8.3775804095727852E-02	+7.5191925476775812E-01	+9.1243335011794324E-02	+8.2408129280956608E+00
+8.5521133347722184E-02	+7.6431236500278765E-01	+9.4312869895002316E-02	+8.1040091967691144E+00
+8.7266462599716516E-02	+7.7670547523781908E-01	+9.7438021987860071E-02	+7.9712771194656415E+00
+8.9011791851710848E-02	+7.8909858547284917E-01	+1.0061893954390176E-01	+7.8424458561159049E+00
+9.0757121103705124E-02	+8.0149169570787882E-01	+1.0385577255244305E-01	+7.7173533642836967E+00
+9.2502450355699456E-02	+8.1388480594291024E-01	+1.0714867273985682E-01	+7.5958458946002789E+00
+9.4247779607693788E-02	+8.2627791617794033E-01	+1.1049779357087369E-01	+7.4777775146067755E+00
+9.5993108859688120E-02	+8.3867102641297120E-01	+1.1390329024990156E-01	+7.3630096599750852E+00
+9.7738438111682452E-02	+8.5106413664800129E-01	+1.1736531972236978E-01	+7.2514107119651019E+00
+9.9483767363676784E-02	+8.6345724688303183E-01	+1.2088404067609464E-01	+7.1428555999103391E+00
+1.0122909661567112E-01	+8.7585035711806281E-01	+1.2445961354266695E-01	+7.0372254274902257E+00
+1.0297442586766545E-01	+8.8824346735309301E-01	+1.2809220049886380E-01	+6.9344071215403300E+00
+1.0471975511965978E-01	+9.0063657758812310E-01	+1.3178196546808138E-01	+6.8342931021640005E+00
+1.0646508437165411E-01	+9.1302968782315463E-01	+1.3552907412179144E-01	+6.7367809729347998E+00
+1.0821041362364844E-01	+9.2542279805818450E-01	+1.3933369388102013E-01	+6.6417732300158629E+00
+1.0995574287564278E-01	+9.3781590829321482E-01	+1.4319599391785059E-01	+6.5491769890659501E+00
+1.1170107212763711E-01	+9.5020901852824535E-01	+1.4711614515694810E-01	+6.4589037288499691E+00
+1.1344640137963144E-01	+9.6260212876327644E-01	+1.5109432027710809E-01	+6.3708690505232566E+00
+1.1519173063162577E-01	+9.7499523899830665E-01	+1.5513069371282867E-01	+6.2849924516110027E+00
+1.1693705988362010E-01	+9.8738834923333696E-01	+1.5922544165590533E-01	+6.2011971137573356E+00
+1.1868238913561444E-01	+9.9978145946836638E-01	+1.6337874205704955E-01	+6.1194097033704473E+00
+1.2042771838760877E-01	+1.0121745697033984E+00	+1.6759077462753236E-01	+6.0395601843415259E+00
+1.2217304763960310E-01	+1.0245676799384282E+00	+1.7186172084084919E-01	+5.9615816420645462E+00
+1.2391837689159743E-01	+1.0369607901734603E+00	+1.7619176393441099E-01	+5.8854101180318432E+00
+1.2566370614359176E-01	+1.0493539004084902E+00	+1.8058108891125807E-01	+5.8109844543254932E+00
+1.2740903539558610E-01	+1.0617470106435207E+00	+1.8502988254179875E-01	+5.7382461473684891E+00
+1.2915436464758043E-01	+1.0741401208785502E+00	+1.8953833336557149E-01	+5.6671392103401352E+00
+1.3089969389957470E-01	+1.0865332311135807E+00	+1.9410663169303238E-01	+5.5976100436994125E+00
+1.3264502315156904E-01	+1.0989263413486110E+00	+1.9873496960736703E-01	+5.5296073132962817E+00
+1.3439035240356337E-01	+1.1113194515836422E+00	+2.0342354096632576E-01	+5.4630818355856228E+00
+1.3613568165555770E-01	+1.1237125618186725E+00	+2.0817254140408611E-01	+5.3979864694903306E+00
+1.3788101090755203E-01	+1.1361056720537031E+00	+2.1298216833313774E-01	+5.3342760144908201E+00
+1.3962634015954636E-01	+1.1484987822887345E+00	+2.1785262094619376E-01	+5.2719071145460124E+00
+1.4137166941154070E-01	+1.1608918925237643E+00	+2.2278410021812736E-01	+5.2108381674775632E+00
+1.4311699866353503E-01	+1.1732850027587944E+00	+2.2777680890793403E-01	+5.1510292394737549E+00
+1.4486232791552936E-01	+1.1856781129938265E+00	+2.3283095156071698E-01	+5.0924419843923925E+00
+1.4660765716752369E-01	+1.1980712232288562E+00	+2.3794673450970194E-01	+5.0350395675634134E+00
+1.4835298641951802E-01	+1.2104643334638867E+00	+2.4312436587827493E-01	+4.9787865938123614E+00
+1.5009831567151236E-01	+1.2228574436989175E+00	+2.4836405558204661E-01	+4.9236490394438279E+00
+1.5184364492350669E-01	+1.2352505539339476E+00	+2.5366601533094307E-01	+4.8695941879419244E+00
+1.5358897417550102E-01	+1.2476436641689779E+00	+2.5903045863132329E-01	+4.8165905691606046E+00
+1.5533430342749535E-01	+1.2600367744040082E+00	+2.6445760078812264E-01	+4.7646079017918668E+00
+1.5707963267948968E-01	+1.2724298846390396E+00	+2.6994765890702133E-01	+4.7136170389138492E+00
+1.5882496193148402E-01	+1.2848229948740697E+00	+2.7550085189664286E-01	+4.6635899164336703E+00
+1.6057029118347835E-01	+1.2972161051091005E+00	+2.8111740047077671E-01	+4.6144995042523211E+00
+1.6231562043547268E-01	+1.3096092153441303E+00	+2.8679752715062767E-01	+4.5663197599898275E+00
+1.6406094968746701E-01	+1.3220023255791609E+00	+2.9254145626709765E-01	+4.5190255851196008E+00
+1.6580627893946134E-01	+1.3343954358141925E+00	+2.9834941396308623E-01	+4.4725927833707519E+00
+1.6755160819145568E-01	+1.3467885460492219E+00	+3.0422162819582593E-01	+4.4269980212659341E+00
+1.6929693744345001E-01	+1.3591816562842527E+00	+3.1015832873924276E-01	+4.3822187906710965E+00
+1.7104226669544428E-01	+1.3715747665192828E+00	+3.1615974718634349E-01	+4.3382333732411587E+00
+1.7278759594743862E-01	+1.3839678767543144E+00	+3.2222611695163383E-01	+4.2950208066531363E+00
+1.7453292519943295E-01	+1.3963609869893441E+00	+3.2835767327356152E-01	+4.2525608525250052E+00
End of report file